$ANSIBLE_VAULT;1.1;AES256
61613939623565323163623066386630393162613537383836383035383963363033326537386562
3365363838623339386339373337633231616638623535660a323266313766656662663733656361
36366463626636313863306336366438343937623265323934623763343966623966383135373637
6163383134326163630a353432396137623435326636333437373266636563333565373535363235
31333866393864666438323839366536363039373839396162646137613239393731393763343139
62373564356537393166306436353663636537633561663865623836656266326435626431656635
62666137343562643837323965316664383464373762663731633761663635323230343631333464
38336135303066353133316636663830336164623739306366343237613734393939306237336566
38613063653738643835346533356661373164656563613236303233373735646636643961656361
65633732616235333562343764656635643037613835316336336664653937613765383939653563
30336330383465353065323830663233636533303963623134333662316664613565353763326433
36633363336139633536663438313038313836613062633964303836653236623731646538623332
30313833313038633834656561313636646166663661653134626265313137316130396266643832
31633732303031633932373465316630623133343363336436366166643635666235353837373761
64343266616233343839346230613464333935343362376437336331366632663639303061646264
34333966306535623834353562306537373532646331666636666437646331653563393137333434
35393535633763316135383561646230396539336537396565316161383334373162376335343231
30613837636262373538626131643736366631653838323830323565353866613438356565373464
63393536313666323331303031303062386439663432333832643865326566656432393036636366
33316132613538396131393338663466656635393333346436666665303932636238666462313262
39323935333263326534393039353764663632303366323430333365303861656163653638313637
35356265626263383830343739646430623534353766373439653337633930326437333334343961
61343938373561386533316532383331616336376661386137623561373266653532616364633463
65646133313263393137363937323266313130383462633066653339363639303538646263366161
34626335373062396539623065643133353464343361326266396665363139623138633634383933
37343333623331353637396238633933666166323561383461303932393832626536656538356639
34313336316439653165343765616536633131663763303231313465373364663265313562373631
65643839396466616432306637633665336436303265326536613134393063396535323831623637
37616365623233643839616539353536393539303637666561323561323939393464653461666131
64646566626330613636656265666237616134643032663262396365323436313666373364643236
61373762643965346261633133373262656538396664666332653334653563303332376137663536
61626263393463623631386161353534656632626661383739666538383364373463346237623335
63373961633333346632636366313438313662323936646463353138646434643531373936376662
63643534373339316363363239623137363134323734393765356465396339653839333133646563
36653761303635393264306133373637623066323365663464636264396665646430343935383363
37306638623830323237633466343563663936656133353666366565646537386331323236643237
30313835303239343033653036333539313639343738656132303863616235333839663038383266
31613864393136303736386330646165643038303061366236646236613532313564326135313536
38303764383432616164643533356135633761353534313164623135646265353965613061623565
32313934373939366462613661336166303063656236383836633366353664623761303839383163
39363433646565616438646636363365633861366261643631633035613933336339373937353631
33656630373264383531656464653230336233616462626664663136646233373966386366646261
66393734316535396134643834376362663165313038373139393035386632333761643938343037
66363734633561656364306161646130663265393734303230336265386564366462326434346163
30383064643261393764373464663131316166333064323331356535343165626235353830353930
36666332363666313439643134636163653466376439326461313964306536386436633332656561
63346462623363393932636230613337326265613332393834303539353064306538646538343731
35666365343639663266616137633232653130636337646131343734393931326233333635383865
37636266646634386332366537313933313134306263306535353338666633363861666132386463
62383030396132386662626334303434656233393134343238366465393863626664383662616666
30376261653730396462393335653666376263336433306130663662343032616631626437636532
30326266386531326462343030663736393966313031626630386165383730616438363139363633
62306161386264623639333333353732303463326331353166626332613663356236666237303564
33626236616639356134323964343136393138353238306337343938376235353732333936306266
61623939366536336635613439616638663438623734303835616538613231393534303439336333
66313838303435626262643530343435333338353032646162646331393562616462343661636130
36643232646361373739373862363835333935376232656133356366613961306331626662643166
34316437346333633766356433383731656437656331366536396235376665633833383536323862
31343038373433303564643765306536333062333131326332633238336339646433353563636137
39323164393733346664653736653366333334653137653561393632366262393562306233643832
31346366313266383934376135393663366231653433623030633765656265306666386166656166
39396163646432643136326437613232636636663065636166653637383636633331643566653762
30353466613234653866666630643231373265633730333936613439663663373737643034386438
31303339313737306135623836346130653664323662623965326463316235326636393331396339
6138
